5
5
29
5
5
7
6
3
7
4
24
4
3
5
4
4
5
4
5
3
5
5
5
3
4
5
5
6
5
4
4
5
5
5
27
4
11
4
4
3
4
4
5
4
3
4
4
4
6
5
5
4
3
7
5
7
5
4
4
12
4
3
4
4
4
4
4
7
5
4
6
5
7
4
4
7
6
4
4
5
5
5
5
5
5
4
4
3
5
5
24
4
3
6
4
6
4
4
4
7
5
4
5
3
4
5
5
5
6
5
5
4
5
6
4
5
5
3
5
6
5
4
7
25
6
8
5
5
4
4
15
9
20
5
5
7
4
4
4
4
5
5
30
5
6
4
5
4
5
5
4
4
5
4
5
4
5
5
4
3
5
4
4
4
4
5
4
5
4
5
5
5
5
12
4
21
4
25
19
16
4
4
5
6
6
6
4
6
5
4
5
3
4
4
4
5
4
4
4
4
4
5
5
11
5
5
6
5
4
5
4
22
5
4
4
4
8
4
4
4
5
4
5
4
7
4
30
7
5
6
5
5
5
6
4
5
7
4
3
6
4
6
4
5
4
4
5
7
28
8
6
4
4
4
4
4
3
5
6
5
4
5
5
3
6
5
4
5
5
5
6
6
8
6
4
4
4
4
5
5
5
5
6
4
5
6
10
8
3
4
3
7
3
5
19
7
6
6
11
6
29
6
26
4
30
3
5
6
4
6
4
4
4
5
5
5
11
4
5
5
5
4
6
4
4
30
3
4
24
5
4
4
4
4
4
5
5
4
10
4
5
4
4
9
6
5
5
4
4
4
4
4
4
13
5
5
4
4
4
4
4
5
4
7
5
11
7
5
6
7
4
4
5
4
4
5
5
6
4
4
14
7
6
5
4
4
4
5
5
5
5
7
7
5
5
5
30
5
3
5
7
8
4
4
5
3
5
4
7
4
5
5
4
5
4
5
4
4
5
5
4
5
4
4
5
8
4
4
4
31
7
5
8
7
5
7
5
7
4
5
4
6
6
6
5
6
3
6
4
4
5
4
4
3
5
5
5
5
6
5
4
5
5
4
5
5
6
5
4
3
6
5
5
4
4
5
6
4
3
5
4
8
4
5
6
6
9
3
6
5
5
4
4
4
6
6
3
24
5
4
5
5
5
7
8
4
14
4
4
4
6
5
